$ANSIBLE_VAULT;1.1;AES256
38663063626661353238643862353638623562653237623634663036366365303461643738616139
3163613436386366623333333732363230613537306230310a393532616634396530343935393363
34333230666538643938383161363261383961343263373939643136363064663037666162333732
3831353733393965340a303133376462613066326539303632393866663263333839353633616431
35626437613135616463623135326532343961313636393535643532326334376564326431356532
65323335323830356437383261643836383065333663646361656230346331643238323038353766
35346536643763633337623931326563353035333637376535643166323439646262373639633835
35373830316337316131613861373562323762393233656634623136626334623162666330373232
64653864633133313465623638313833363231636263306134353236616338373266653233623365
33303932313363626263346631666530326334613930636630663938393461643162666139663138
35393635386161343266313635323832636466636566346339346366313532613539666365303633
39333431626333376631653237653838636430663366373064386465353135613236383034656163
65353931643937646337636536373338366233383938313238333161343631303838356461346536
38373635303037643738366431653330353037646135323430373636363066383231383661333936
31323434343837323630656661376630353561333363633639373737643666643065636466633031
36366535316262616239376132663037666538383561303861303261663864623832643266646533
39656534353632613536656566393361383566313561366234333938303230343632363965326364
33663766663136656262326231646133353731656464656666633034353564663664323663633762
31616139646330616337343537663530663164373933393861363362636633306336353362323664
63383065363937393163336463643066623962376534623364376336656133346664363065363939
66656136386562666533356530646266653062323330633665306533363439393236646337663461
32333164373739343233303337666431653536626434303234323361633864303261316334326166
39613965323965393764376538636638396163626438383537653933313237376366333137636532
34333535306638643038306531633866363966346262646161323338373730333234376262626363
30323535356537343063366334663332643837666163336631346362613765346533373030653562
64326438653039333031646430623764623836343662656637626464346561313736393037336134
35636237313336346464656261383435343834633464373436393263323766663730663066626637
30656437303331333134653038323030393738393934323931613361323336306134613634623161
35323331383937303932653932626533313339626431303133323436333331396433343732326233
35383264643539623937316434336164663130326338666637326237343933303463393836616134
62393065633266653465363936653731616235653962346430386530316438303966646235326664
35383539383835376532316638633030646131333232363937306336656539353565346562326466
33623634396162366238643335663039393261353434623263303636363736633963623062623865
37616337623030383130663230333564646362333330616130366630636166646234613231303865
61623966663436666333666235393461623864323834626565643737326632666261343737373637
64626563633937653162636632623439336466626265343761373431623833313533636262383262
39643965626362623963353434333136623338333663343136363937303835613933356339363734
64306234616166613332353166656337323162343637643336313638343564646535326266313235
63333061663664393637633666353463623262363635393666326363376364393932393734323832
66623136386333326465373561653139316134623664353431383637623339613366316661336463
35666263313439323163643766356231333539333032306365373866613930626363383939356430
38623930393635316333333463383735626239386134303964646231626437336266363430316635
66376565313064346466366237333963353335373037313162353232656162343234303138386539
62613535346337326533623237386263336338343330316538646361623536336431636136613431
62666465626431653462376662613166353333343534356538613964313533326437386233386362
33643765373738636139626635393838323461643731663932656333353738333666316264666630
34653963343036653863633663666631346336663064396562353062323737323335613564666634
61663466303831363664333764396232386438363066333437623866336262313736666339663062
32663932613461363261643531623938353330616162363132653332663039336263363663623163
38343835653466356666303461363262333436376636663034636539636639363465306133633931
66393566616338656539623736366138343932366330323237393266346339383938363863653236
34396132666339663736333161326635636462326439353733313266623334333637643630636435
33613937306435393030356266373563343964363938303037383837383132353065386533373532
31393635383161616630333138616466303038646165623936613330356537346462643232666566
62623632363463323333386662663338333433643634656163633564336464343134666665323030
62343032643936333138386133323930373636323436626135623165616365646636336162363366
35643739623135333362316331363165316163303164303363393261383130663532306361626663
62343265383533316530656464353631663131623336396139666564323332356435303039616439
62633161396238633363626661643639346434306165306334643962653730343966666563666630
61663264383764376663663261336563613061633863353161626535646366653831376235386161
61303362313965643434336238336362306432633432353134356230343630386131353931666363
35303335326562623263613863623165333963373731376435653331333039333031393431613163
37383234666236323938343031663864636663363432656337356337316439333630633662393832
64383761326330323939656531613162636230653336333037626136613161626632323330633563
63643636386135666564643830643531373965333038303861386331333465313537393866646665
38336431316138656133653839353736313364353264353639646462376538666532633663333963
36323765346234363531653838333330333734333531663964396137306261613036653532626535
34663335376164366638333438383135326236373561326435626463353364326261636132653561
66343935623566336263393465646666366631646635663564383334343130373732616465643663
32376363653162333663356630326634333266373039666239653064623437626564383964643137
62363637336537313163666233633865316634343961303764353931623463626231623666613538
64366165643264366663343631323237373031313530343137333834393933353832333666323932
62623031656165353636613031643735336364363030373665376437643733633837353439643664
63653838633030653136653563333033316563346265303463613531653538633239373939336536
61666666393064356134613334336437346135646431326234366461313563663731393564323766
34666234616538623261396437666263613136353530333763613338613631643965333238643562
35376630633235643139663063643132343932343636636234653361366431646263323933313164
31326535353762616132326130663361643733333131323139643433363935303966326437376330
33323634353031646335363039303038323331646261386536616531316332383730306435393863
30646236383431343662376130363436343135616463353166393462616266343233323032646636
65343762316463306362646166633633393166666439306232333331316337363065353735636136
64396634396461666466343532316333623562376266643833633335633530386434353234333430
30333164376364303861656339613363633566313730333165323764313966613433376462396137
61636464646134636564333539333739643237376338653732323935623663383832623066653836
62306463393565643637623139616534643130393335366435313361613437363464666335396262
36623237616637636433616466633237336463643064663139373530376638663839393430393930
64396165366465363365303934343361313932303139396430653131376462373539343966663063
62306364653538376133306366346263613832613135366333363064306238313163643836663163
32666165393664323738356336313235363032323061616533376232336261303863313832386464
65336662356632383435376661643730383864393837616561306537633536636563623865393836
38366234333534313161323766376264343038363564663234326537343562333730326237346338
62353734663631386537646539386335643164323861623762353862613161373739303666653465
36653939333830656635346264353939666636393535363361346666613234323261663530356239
63666465656536363833613163356564346337393863666263666236666531333538343630386137
62626561646233333739323234306238383430383363653839616234353162326135643039613632
62336663666661633639313665326535336438316635383033343633623534316164333562613735
33653061313033626635323334633063306265363234353361663037333435383961666532313033
63356233373462646165306139613765323331343361313138333434376235386639313737653234
39303134333762666132303031346334306130323237363931343365383633386665626333326566
61633637373538323935373931633161653661616162376638626161646234376435616664393434
33363531313032376561383465653239393064346635393563383566626165393566356333666461
65613162643635303632333036393262396262663832303734313235666335356630646563376530
37653330356334353263366335643530613134633462656164363634303933316237666632376632
34393835616235643465356664316139666566386434326231613834363366393030383133346665
38323561386634626162393039666630326238353030656138343237346132366465383666633366
37643062386438333665303136306539633434623961656466396361616336646437623061636362
62323832343861643736396430626438313137643537636535323730303233663463663235653538
30626461313436346432383261386664646563636166306536623339613834343466396534626336
39653563633336323465366538323434616562316263653364303163613531363861393539643263
66666532343139613361353366376536633661373131393139383862633465613732366536303864
33316365343337323763313737653133643739623266623865363364323861646566366438663266
34333236653530323364626637623062623632336333326132393837393736386663623661396163
33363035613633356138363132373963313237326564373864633131376563623831366637303232
36366137396136333737333661623863386230666165616166653136316538316665373130303936
66316265306338653434313339623234366131313434356533313164336238393966643062373232
61303638313638353031636433383365323639613434663837346437376539396661393731666330
66386335316664356633653738326166646166393565613439336164356531663035336564376632
34323636623565663435383434396130393330313935306531333036363565393030383662626339
36356561636635363937393365656330646135653539323939616136346264323934646330333065
61326338666563633330316131316564386133653138326438343839303038363632616138646433
32323832656632386438353264353166633261656264643738646664313466323237383734666634
30333461386163383831343662333132633534653433396337366436356632643864633130656466
30376265343136663638343636363763383233323862643161303839633365313037386636376230
64656163366233653334306535343839313931663330313437636137316635303732383935323562
61303336353234656431393961343663643666663336613564613465666530373333623033306535
33653238373937396534653864646232636635623435366166636433306134366331663232336635
30663266643630323431383363366563626636633136373066383635356161633436323738633830
63306536383531343863646666306262656464376263303533343064383132316464306463316261
37353834333431613465616439326133306635633239636263333730323462333632616663663065
38356239643435643038346262376363356366633534316263356666663638653138306661643737
30623832656463303039656336373130333530613362363239626635636431613737333034366462
62323130633464303066653839383863343964353532373963333435643533373139663034643866
36306666666432326136636436383836356561623832346237316464306431333739323262346235
64316131396239636537636134643832623030666339633963663332633031646434303766313430
316337393939393136336238366230373731
